0.0000000000000000000000 0.0000000000000000000000
2.073540586906826542e-03 1.000000000000000021e-02
3.745663714607285876e-03 2.000000000000000042e-02
4.921477219697224445e-03 2.999999999999999889e-02
6.245949095336366177e-03 4.000000000000000083e-02
7.383657992962658345e-03 5.000000000000000278e-02
8.485397685253715308e-03 6.000000000000000472e-02
9.461907754610206223e-03 6.999999999999999278e-02
1.064962858267171422e-02 8.000000000000000167e-02
1.173340168605307293e-02 8.999999999999999667e-02
1.271776615891719205e-02 9.999999999999999167e-02
1.393804237913712392e-02 1.100000000000000006e-01
1.495395234238694991e-02 1.199999999999999956e-01
1.622058670306257902e-02 1.300000000000000044e-01
1.739838864076330774e-02 1.400000000000000133e-01
1.860318627891275126e-02 1.500000000000000222e-01
1.983639001062376464e-02 1.600000000000000033e-01
2.109906581481372015e-02 1.700000000000000122e-01
2.239204695414235419e-02 1.800000000000000211e-01
2.371592714814927533e-02 1.900000000000000022e-01
2.507109592849847760e-02 2.000000000000000111e-01
2.645773607675499378e-02 2.100000000000000200e-01
2.787589332190909541e-02 2.200000000000000011e-01
2.932555503027323152e-02 2.300000000000000100e-01
3.080664593025029402e-02 2.400000000000000189e-01
3.231899789472730128e-02 2.500000000000000000e-01
3.386233996885695124e-02 2.600000000000000089e-01
3.543633972526279152e-02 2.700000000000000178e-01
3.704064885589890971e-02 2.800000000000000266e-01
3.867490997985145729e-02 2.900000000000000355e-01
4.033875069402044489e-02 2.999999999999999889e-01
4.203178596684465501e-02 3.099999999999999978e-01
4.375361880575188989e-02 3.200000000000000067e-01
4.550384111688079991e-02 3.300000000000000155e-01
4.728203994103056390e-02 3.400000000000000244e-01
4.908780453349703005e-02 3.500000000000000333e-01
5.092073302564318477e-02 3.600000000000000422e-01
5.278043242175851912e-02 3.699999999999999956e-01
5.466651864202697053e-02 3.800000000000000044e-01
5.657862251054904951e-02 3.900000000000000133e-01
5.851639646273697204e-02 4.000000000000000222e-01
6.047951901862348018e-02 4.100000000000000311e-01
6.246767788115047820e-02 4.200000000000000400e-01
6.448055284901541007e-02 4.299999999999999933e-01
6.651781671352881287e-02 4.400000000000000022e-01
6.857913783878359648e-02 4.500000000000000111e-01
7.066418315030292829e-02 4.600000000000000200e-01
7.277262383824652237e-02 4.700000000000000289e-01
7.490414115039742415e-02 4.800000000000000377e-01
7.705843006726435795e-02 4.899999999999999911e-01
7.923520285103465011e-02 5.000000000000000000e-01
8.143419238351788658e-02 5.100000000000000089e-01
8.365515320019523138e-02 5.200000000000000178e-01
8.589786259764549403e-02 5.300000000000000266e-01
8.816212378010408746e-02 5.400000000000000355e-01
9.044776922109883099e-02 5.500000000000000444e-01
9.275466049538165503e-02 5.600000000000000533e-01
9.508265674307316007e-02 5.700000000000000622e-01
9.743158381379336819e-02 5.800000000000000711e-01
9.980123027356736787e-02 5.899999999999999689e-01
1.021913457642558976e-01 5.999999999999999778e-01
1.046016433554191605e-01 6.099999999999999867e-01
1.070318365860672000e-01 6.199999999999999956e-01
1.094816755237396355e-01 6.300000000000000044e-01
1.119509530085561200e-01 6.400000000000000133e-01
1.144395083189476553e-01 6.500000000000000222e-01
1.169472270346261500e-01 6.600000000000000311e-01
1.194740075701528903e-01 6.700000000000000400e-01
1.220197289377948219e-01 6.800000000000000488e-01
1.245842473919850646e-01 6.900000000000000577e-01
1.271673955723024718e-01 7.000000000000000666e-01
1.297689837046511752e-01 7.100000000000000755e-01
1.323888186826446822e-01 7.199999999999999734e-01
1.350267224111784403e-01 7.299999999999999822e-01
1.376825346164871899e-01 7.399999999999999911e-01
1.403561143224267005e-01 7.500000000000000000e-01
1.430473399527598943e-01 7.600000000000000089e-01
1.457560974068402293e-01 7.700000000000000178e-01
1.484822687118692586e-01 7.800000000000000266e-01
1.512257311950274685e-01 7.900000000000000355e-01
1.539863575656215122e-01 8.000000000000000444e-01
1.567640163728993286e-01 8.100000000000000533e-01
1.595585756892533014e-01 8.200000000000000622e-01
1.623699066325539064e-01 8.300000000000000711e-01
1.651978840703904605e-01 8.400000000000000799e-01
1.680423870861236235e-01 8.499999999999999778e-01
1.709032994394663885e-01 8.599999999999999867e-01
1.737805099499534767e-01 8.699999999999999956e-01
1.766739128881974485e-01 8.800000000000000044e-01
1.795834084412036569e-01 8.900000000000000133e-01
1.825089031867810629e-01 9.000000000000000222e-01
1.854503101962797218e-01 9.100000000000000311e-01
1.884075458794294833e-01 9.200000000000000400e-01
1.913805270246717039e-01 9.300000000000000488e-01
1.943691707189064977e-01 9.400000000000000577e-01
1.973733945163499703e-01 9.500000000000000666e-01
2.003931163246190084e-01 9.600000000000000755e-01
2.034282518119069905e-01 9.699999999999999734e-01
2.064787119701723406e-01 9.799999999999999822e-01
2.095444028748850440e-01 9.899999999999999911e-01
2.126252256352705594e-01 1.000000000000000000e+00
2.157210765950522968e-01 1.010000000000000009e+00
2.188318496891379639e-01 1.020000000000000018e+00
2.219574386632746921e-01 1.030000000000000027e+00
2.250977373873258580e-01 1.040000000000000036e+00
2.282526400069940231e-01 1.050000000000000044e+00
2.314220410971488118e-01 1.060000000000000053e+00
2.346058358166369096e-01 1.070000000000000062e+00
2.378039200644539719e-01 1.080000000000000071e+00
2.410161906371619533e-01 1.090000000000000080e+00
2.442425453874384478e-01 1.100000000000000089e+00
2.474828833836487940e-01 1.110000000000000098e+00
2.507371050703369186e-01 1.120000000000000107e+00
2.540051124295354401e-01 1.130000000000000115e+00
2.572868091428014981e-01 1.140000000000000124e+00
2.605821007538894896e-01 1.150000000000000133e+00
2.638908948319813597e-01 1.160000000000000142e+00
2.672131011353986452e-01 1.169999999999999929e+00
2.705486317757285208e-01 1.179999999999999938e+00
2.738974013823059495e-01 1.189999999999999947e+00
2.772593272670008657e-01 1.199999999999999956e+00
2.806343295892648748e-01 1.209999999999999964e+00
2.840223315214066013e-01 1.219999999999999973e+00
2.874232594140690433e-01 1.229999999999999982e+00
2.908370429618946096e-01 1.239999999999999991e+00
2.942636153693716228e-01 1.250000000000000000e+00
2.977029133147859885e-01 1.260000000000000009e+00
3.011548751634313681e-01 1.270000000000000018e+00
3.046194393154788571e-01 1.280000000000000027e+00
3.080965441212659695e-01 1.290000000000000036e+00
3.115861279307823861e-01 1.300000000000000044e+00
3.150881291436423148e-01 1.310000000000000053e+00
3.186024862595224216e-01 1.320000000000000062e+00
3.221291379290419088e-01 1.330000000000000071e+00
3.256680230050643110e-01 1.340000000000000080e+00
3.292190805943986942e-01 1.350000000000000089e+00
3.327822501098803287e-01 1.360000000000000098e+00
3.363574713228089652e-01 1.370000000000000107e+00
3.399446844157263947e-01 1.380000000000000115e+00
3.435438300355115326e-01 1.390000000000000124e+00
3.471548493467756513e-01 1.400000000000000133e+00
3.507776840855387768e-01 1.410000000000000142e+00
3.544122766131686530e-01 1.419999999999999929e+00
3.580585699705668978e-01 1.429999999999999938e+00
3.617165079325836419e-01 1.439999999999999947e+00
3.653860350626471631e-01 1.449999999999999956e+00
3.690670967675926395e-01 1.459999999999999964e+00
3.727596393526764751e-01 1.469999999999999973e+00
3.764636100767623783e-01 1.479999999999999982e+00
3.801789572076690882e-01 1.489999999999999991e+00
3.839056300776664266e-01 1.500000000000000000e+00
3.876435790725676345e-01 1.510000000000000009e+00
3.913927550454351922e-01 1.520000000000000018e+00
3.951531087786890883e-01 1.530000000000000027e+00
3.989245909644024701e-01 1.540000000000000036e+00
4.027071522289269456e-01 1.550000000000000044e+00
4.065007431577218333e-01 1.560000000000000053e+00
4.103053143203767572e-01 1.570000000000000062e+00
4.141208162958228134e-01 1.580000000000000071e+00
4.179471996977207060e-01 1.590000000000000080e+00
4.217844152000198021e-01 1.600000000000000089e+00
4.256324135626802785e-01 1.610000000000000098e+00
4.294911456575488118e-01 1.620000000000000107e+00
4.333605624943814294e-01 1.630000000000000115e+00
4.372406152470050822e-01 1.640000000000000124e+00
4.411312552796109454e-01 1.650000000000000133e+00
4.450324341731706768e-01 1.660000000000000142e+00
4.489441037519698585e-01 1.670000000000000151e+00
4.528662161102502970e-01 1.679999999999999938e+00
4.567987236389541295e-01 1.689999999999999947e+00
4.607415790525634658e-01 1.699999999999999956e+00
4.646947354160287924e-01 1.709999999999999964e+00
4.686581461717786445e-01 1.719999999999999973e+00
4.726317651668055508e-01 1.729999999999999982e+00
4.766155466798212559e-01 1.739999999999999991e+00
4.806094454484753364e-01 1.750000000000000000e+00
4.846134166701048795e-01 1.760000000000000009e+00
4.886274157734174506e-01 1.770000000000000018e+00
4.926513982106471845e-01 1.780000000000000027e+00
4.966853194568742746e-01 1.790000000000000036e+00
5.007291350270499652e-01 1.800000000000000044e+00
5.047828004931051993e-01 1.810000000000000053e+00
5.088462715011390358e-01 1.820000000000000062e+00
5.129195037886818964e-01 1.830000000000000071e+00
5.170024532020295327e-01 1.840000000000000080e+00
5.210950757136439959e-01 1.850000000000000089e+00
5.251973274396160019e-01 1.860000000000000098e+00
5.293091646571856934e-01 1.870000000000000107e+00
5.334305438223169160e-01 1.880000000000000115e+00
5.375614215873214530e-01 1.890000000000000124e+00
5.417017548185291131e-01 1.900000000000000133e+00
5.458515006139992298e-01 1.910000000000000142e+00
5.500106163212709065e-01 1.920000000000000151e+00
5.541790595551470133e-01 1.929999999999999938e+00
5.583567882155090478e-01 1.939999999999999947e+00
5.625437605051595291e-01 1.949999999999999956e+00
5.667399349476864856e-01 1.959999999999999964e+00
5.709452704053517014e-01 1.969999999999999973e+00
5.751597260969923964e-01 1.979999999999999982e+00
5.793832616159391158e-01 1.989999999999999991e+00
5.836158369479448327e-01 2.000000000000000000e+00
5.878574124870378226e-01 2.009999999999999787e+00
5.921079490334024698e-01 2.020000000000000018e+00
5.963674077929400630e-01 2.029999999999999805e+00
6.006357503931341046e-01 2.040000000000000036e+00
6.049129389003063961e-01 2.049999999999999822e+00
6.087699408222995157e-01 2.059999999999999609e+00
6.134937041985760731e-01 2.069999999999999840e+00
6.173664651036598894e-01 2.079999999999999627e+00
6.221094096506301074e-01 2.089999999999999858e+00
6.259977998399665067e-01 2.099999999999999645e+00
6.307597693445657905e-01 2.109999999999999876e+00
6.346636629555522102e-01 2.119999999999999662e+00
6.394445060449661655e-01 2.129999999999999893e+00
6.433637812990922189e-01 2.139999999999999680e+00
6.481633517434738367e-01 2.149999999999999911e+00
6.520978911938059008e-01 2.159999999999999698e+00
6.569160482085066866e-01 2.169999999999999929e+00
6.613050125895033604e-01 2.179999999999999716e+00
6.657023475340088092e-01 2.189999999999999947e+00
6.701080237569880804e-01 2.199999999999999734e+00
6.745220126871543931e-01 2.209999999999999964e+00
6.789442864840282699e-01 2.219999999999999751e+00
6.833748180549757967e-01 2.229999999999999982e+00
6.878135810722356691e-01 2.239999999999999769e+00
6.922605499899248116e-01 2.250000000000000000e+00
6.967157000053105786e-01 2.259999999999999787e+00
7.011790065396289462e-01 2.270000000000000018e+00
7.056504447651177347e-01 2.279999999999999805e+00
7.101299895687493979e-01 2.290000000000000036e+00
7.146176155530882257e-01 2.299999999999999822e+00
7.191132970371797439e-01 2.310000000000000053e+00
7.236170080574757524e-01 2.319999999999999840e+00
7.276771915433557503e-01 2.329999999999999627e+00
7.326484134453016273e-01 2.339999999999999858e+00
7.367229333994623763e-01 2.349999999999999645e+00
7.417116183935726914e-01 2.359999999999999876e+00
7.458003773646207923e-01 2.369999999999999662e+00
7.508064051226881475e-01 2.379999999999999893e+00
7.549093036652377853e-01 2.389999999999999680e+00
7.599325514320312003e-01 2.399999999999999911e+00
7.640494881234337621e-01 2.409999999999999698e+00
7.690898307377453946e-01 2.419999999999999929e+00
7.732207021957979709e-01 2.429999999999999716e+00
7.782780121126842143e-01 2.439999999999999947e+00
7.828836177340822156e-01 2.449999999999999734e+00
7.874968603285301683e-01 2.459999999999999964e+00
7.921177098276949158e-01 2.469999999999999751e+00
7.967461359000712617e-01 2.479999999999999982e+00
8.013821079524847679e-01 2.489999999999999769e+00
8.060255951316230849e-01 2.500000000000000000e+00
8.106765663579735826e-01 2.509999999999999787e+00
8.153349906386666568e-01 2.520000000000000018e+00
8.200008373528465677e-01 2.529999999999999805e+00
8.246740762830599980e-01 2.540000000000000036e+00
8.293546776250712016e-01 2.549999999999999822e+00
8.340426119976510622e-01 2.560000000000000053e+00
8.387378504523481659e-01 2.569999999999999840e+00
8.429697864823362252e-01 2.579999999999999627e+00
8.481501260366303141e-01 2.589999999999999858e+00
8.523950852521637866e-01 2.599999999999999645e+00
8.575912818156452566e-01 2.609999999999999876e+00
8.618491665070380225e-01 2.619999999999999662e+00
8.670611027729513420e-01 2.629999999999999893e+00
8.713318187268996873e-01 2.639999999999999680e+00
8.765593817465009430e-01 2.649999999999999911e+00
8.808428383844494336e-01 2.659999999999999698e+00
8.860859197357119355e-01 2.669999999999999929e+00
8.903820302515506047e-01 2.679999999999999716e+00
8.956405262070572526e-01 2.689999999999999947e+00
9.004282979718910562e-01 2.699999999999999734e+00
9.052230193982105932e-01 2.709999999999999964e+00
9.100246691858939752e-01 2.719999999999999751e+00
9.148332266207871433e-01 2.729999999999999982e+00
9.196486715840954673e-01 2.739999999999999769e+00
9.244709845617505861e-01 2.750000000000000000e+00
9.293001466179324765e-01 2.759999999999999787e+00
9.341361390600024794e-01 2.770000000000000018e+00
9.389789431344658377e-01 2.779999999999999805e+00
9.438285400043815443e-01 2.790000000000000036e+00
9.486849107506634127e-01 2.799999999999999822e+00
9.535480363733872533e-01 2.810000000000000053e+00
9.584178977931112620e-01 2.819999999999999840e+00
9.628065163451084985e-01 2.829999999999999627e+00
9.681777513161722304e-01 2.839999999999999858e+00
9.725784095567429066e-01 2.849999999999999645e+00
9.779643171446077421e-01 2.859999999999999876e+00
9.823769453052265677e-01 2.869999999999999662e+00
9.877774399167760233e-01 2.879999999999999893e+00
9.922019677092770440e-01 2.889999999999999680e+00
9.976169631283833272e-01 2.899999999999999911e+00
1.002053319764825590e+00 2.909999999999999698e+00
1.007482729176774727e+00 2.919999999999999929e+00
1.011930843389544199e+00 2.929999999999999716e+00
1.017374579405746049e+00 2.939999999999999947e+00
1.022330236230946765e+00 2.949999999999999734e+00
1.027292354150856735e+00 2.959999999999999964e+00
1.032260913057398977e+00 2.969999999999999751e+00
1.037235892785230318e+00 2.979999999999999982e+00
1.042217273113201781e+00 2.989999999999999769e+00
1.047205033765818749e+00 3.000000000000000000e+00
1.052199154421203264e+00 3.009999999999999787e+00
1.057199614774930074e+00 3.020000000000000018e+00
1.062206394598166126e+00 3.029999999999999805e+00
1.067219473744783542e+00 3.040000000000000036e+00
1.072238832154152277e+00 3.049999999999999822e+00
1.077264449853924777e+00 3.060000000000000053e+00
1.082296306962827970e+00 3.069999999999999840e+00
1.087334383693445705e+00 3.080000000000000071e+00
1.092378660355008302e+00 3.089999999999999858e+00
1.096923794097029781e+00 3.099999999999999645e+00
1.102485735207815454e+00 3.109999999999999876e+00
1.107041942778246968e+00 3.119999999999999662e+00
1.112617376033755434e+00 3.129999999999999893e+00
1.117184588020477376e+00 3.139999999999999680e+00
1.122773429069686690e+00 3.149999999999999911e+00
1.127351576865531779e+00 3.159999999999999698e+00
1.132953742365661709e+00 3.169999999999999929e+00
1.137542758208346161e+00 3.179999999999999716e+00
1.143158165873623844e+00 3.189999999999999947e+00
1.147757982885606154e+00 3.199999999999999734e+00
1.153386551535929838e+00 3.209999999999999964e+00
1.158509684472946111e+00 3.219999999999999751e+00
1.163638753373689827e+00 3.229999999999999982e+00
1.168773740330065314e+00 3.239999999999999769e+00
1.173914627574903058e+00 3.250000000000000000e+00
1.179061397484703511e+00 3.259999999999999787e+00
1.184214032582373788e+00 3.270000000000000018e+00
1.189372515539964148e+00 3.279999999999999805e+00
1.194536829181394699e+00 3.290000000000000036e+00
1.199706956485186771e+00 3.299999999999999822e+00
1.204882880587180516e+00 3.310000000000000053e+00
1.210064584783256736e+00 3.319999999999999840e+00
1.215252052532047600e+00 3.330000000000000071e+00
1.220445267457649585e+00 3.339999999999999858e+00
1.225124061327651948e+00 3.349999999999999645e+00
1.230848874179205410e+00 3.359999999999999876e+00
1.235537942075781492e+00 3.369999999999999662e+00
1.241275277352616113e+00 3.379999999999999893e+00
1.245974562772776961e+00 3.389999999999999680e+00
1.251724352202634449e+00 3.399999999999999911e+00
1.256433799940464224e+00 3.409999999999999698e+00
1.262195976859985524e+00 3.419999999999999929e+00
1.266915533045206876e+00 3.429999999999999716e+00
1.272690032446984976e+00 3.439999999999999947e+00
1.277419644583390301e+00 3.449999999999999734e+00
1.283206403162860720e+00 3.459999999999999964e+00
1.288472921368659430e+00 3.469999999999999751e+00
1.293744976368777833e+00 3.479999999999999982e+00
1.299022554591315659e+00 3.489999999999999769e+00
1.304305642672568544e+00 3.500000000000000000e+00
1.309594227447470782e+00 3.509999999999999787e+00
1.314888295835170418e+00 3.520000000000000018e+00
1.320187834735571109e+00 3.529999999999999805e+00
1.325492831021818141e+00 3.540000000000000036e+00
1.330803271540921928e+00 3.549999999999999822e+00
1.336119143114383068e+00 3.560000000000000053e+00
1.341440432538820060e+00 3.569999999999999840e+00
1.346767126586598584e+00 3.580000000000000071e+00
1.352099212006463880e+00 3.589999999999999858e+00
1.356902687536779339e+00 3.599999999999999645e+00
1.362779503843129181e+00 3.609999999999999876e+00
1.367592625228113423e+00 3.619999999999999662e+00
1.373481201590474265e+00 3.629999999999999893e+00
1.378303920812639527e+00 3.639999999999999680e+00
1.384204198452970491e+00 3.649999999999999911e+00
1.389036467349793025e+00 3.659999999999999698e+00
1.394948387318454053e+00 3.669999999999999929e+00
1.399790157591661144e+00 3.679999999999999716e+00
1.405713660778795004e+00 3.689999999999999947e+00
1.410564884003700392e+00 3.699999999999999734e+00
1.416499911150672197e+00 3.709999999999999964e+00
1.421900868957288289e+00 3.719999999999999751e+00
1.427307030496455686e+00 3.729999999999999982e+00
1.432718382239677624e+00 3.739999999999999769e+00
1.438134910645191500e+00 3.750000000000000000e+00
1.443556602158628577e+00 3.759999999999999787e+00
1.448983443213677669e+00 3.770000000000000018e+00
1.454415420232747280e+00 3.779999999999999805e+00
1.459852519627631517e+00 3.790000000000000036e+00
1.465294727800176000e+00 3.799999999999999822e+00
1.470742031142944661e+00 3.810000000000000053e+00
1.476194416039888324e+00 3.819999999999999840e+00
1.481651868867014388e+00 3.830000000000000071e+00
1.487114375993058069e+00 3.839999999999999858e+00
1.492034942560501287e+00 3.849999999999999645e+00
1.498054498584504568e+00 3.859999999999999876e+00
1.502984102727334292e+00 3.869999999999999662e+00
1.509014674644202136e+00 3.879999999999999893e+00
1.513953267210710107e+00 3.889999999999999680e+00
1.519994794928854587e+00 3.899999999999999911e+00
1.524942326741413723e+00 3.909999999999999698e+00
1.530994750143523930e+00 3.919999999999999929e+00
1.535951172008340970e+00 3.929999999999999716e+00
1.542014430963317473e+00 3.939999999999999947e+00
1.546979693680204271e+00 3.949999999999999734e+00
1.553053728055114879e+00 3.959999999999999964e+00
1.558580698539523635e+00 3.969999999999999751e+00
1.564112532099343422e+00 3.979999999999999982e+00
1.569649215075324067e+00 3.989999999999999769e+00
1.575190733811788757e+00 4.000000000000000000e+00
1.580182223968795485e+00 4.009999999999999787e+00
1.585732893077813399e+00 4.019999999999999574e+00
1.591844168306405960e+00 4.030000000000000249e+00
1.597404894069751169e+00 4.040000000000000036e+00
1.602413624318397511e+00 4.049999999999999822e+00
1.607983397955614402e+00 4.059999999999999609e+00
1.614115626312653928e+00 4.070000000000000284e+00
1.619695344440649665e+00 4.080000000000000071e+00
1.624721122507968518e+00 4.089999999999999858e+00
1.630309788080220645e+00 4.099999999999999645e+00
1.635903143947321947e+00 4.109999999999999432e+00
1.642061237262945950e+00 4.120000000000000107e+00
1.647103874924435996e+00 4.129999999999999893e+00
1.652711224402375390e+00 4.139999999999999680e+00
1.658323212913153100e+00 4.149999999999999467e+00
1.664501743295358160e+00 4.160000000000000142e+00
1.669561056622602013e+00 4.169999999999999929e+00
1.675186886815357434e+00 4.179999999999999716e+00
1.680817306031241243e+00 4.189999999999999503e+00
1.687016052814301670e+00 4.200000000000000178e+00
1.692091862420777026e+00 4.209999999999999964e+00
1.697735975248586104e+00 4.219999999999999751e+00
1.703384628409940316e+00 4.229999999999999538e+00
1.709603376703141553e+00 4.240000000000000213e+00
1.715261525745680027e+00 4.250000000000000000e+00
1.720357710752836944e+00 4.259999999999999787e+00
1.726024406548914314e+00 4.269999999999999574e+00
1.732262947532861252e+00 4.280000000000000249e+00
1.737939041043532917e+00 4.290000000000000036e+00
1.743051336576726174e+00 4.299999999999999822e+00
1.748735889413388422e+00 4.309999999999999609e+00
1.754994020633844132e+00 4.320000000000000284e+00
1.760687876126133977e+00 4.330000000000000071e+00
1.765816119234179471e+00 4.339999999999999858e+00
1.771518349499333400e+00 4.349999999999999645e+00
1.777795875158532990e+00 4.360000000000000320e+00
1.783507316266397247e+00 4.370000000000000107e+00
1.788651349562704773e+00 4.379999999999999893e+00
1.794371083889414686e+00 4.389999999999999680e+00
1.800095167899645743e+00 4.399999999999999467e+00
1.806396671874554105e+00 4.410000000000000142e+00
1.811556343772316557e+00 4.419999999999999929e+00
1.817293415299568116e+00 4.429999999999999716e+00
1.823034795841974365e+00 4.439999999999999503e+00
1.829355279539813806e+00 4.450000000000000178e+00
1.834530444485091616e+00 4.459999999999999964e+00
1.840284693116220227e+00 4.469999999999999751e+00
1.846043211825328489e+00 4.479999999999999538e+00
1.852382503062666164e+00 4.490000000000000213e+00
1.858149958290304049e+00 4.500000000000000000e+00
1.863344294420304248e+00 4.509999999999999787e+00
1.869119799949844341e+00 4.519999999999999574e+00
1.875477734065502222e+00 4.530000000000000249e+00
1.881262098805504435e+00 4.540000000000000036e+00
1.886471622156770556e+00 4.549999999999999822e+00
1.892263967565537053e+00 4.559999999999999609e+00
1.898640383235862927e+00 4.570000000000000284e+00
1.904441510934487658e+00 4.580000000000000071e+00
1.909666089645274623e+00 4.589999999999999858e+00
1.915475128461679999e+00 4.599999999999999645e+00
1.921869864624141666e+00 4.610000000000000320e+00
1.927687608917464601e+00 4.620000000000000107e+00
1.932927111310599688e+00 4.629999999999999893e+00
1.938752697287250637e+00 4.639999999999999680e+00
1.944582397236751525e+00 4.649999999999999467e+00
1.950999807939764352e+00 4.660000000000000142e+00
1.956254102595138322e+00 4.669999999999999929e+00
1.962096089789419073e+00 4.679999999999999716e+00
1.967942154527972054e+00 4.689999999999999503e+00
1.974377524454231647e+00 4.700000000000000178e+00
1.979646480281405330e+00 4.709999999999999964e+00
1.985504723136174432e+00 4.719999999999999751e+00
1.991367007215624652e+00 4.729999999999999538e+00
1.997820176504067291e+00 4.740000000000000213e+00
2.003690917673439653e+00 4.750000000000000000e+00
2.008978016239315600e+00 4.759999999999999787e+00
2.014856374697953534e+00 4.769999999999999574e+00
2.021327184045935699e+00 4.780000000000000249e+00
2.027213923711550958e+00 4.790000000000000036e+00
2.032515390077619166e+00 4.799999999999999822e+00
2.038409678520979540e+00 4.809999999999999609e+00
2.044897969273156590e+00 4.820000000000000284e+00
2.050800563370695606e+00 4.830000000000000071e+00
2.056116268020029558e+00 4.839999999999999858e+00
2.062026342701673176e+00 4.849999999999999645e+00
2.068531956938844285e+00 4.860000000000000320e+00
2.074450262094397424e+00 4.870000000000000107e+00
2.079780076148691315e+00 4.879999999999999893e+00
2.085705794050920048e+00 4.889999999999999680e+00
2.091635400504855191e+00 4.899999999999999467e+00
2.098162448289524029e+00 4.910000000000000142e+00
2.103506243581668045e+00 4.919999999999999929e+00
2.109447462496135905e+00 4.929999999999999716e+00
2.115392534546119752e+00 4.939999999999999503e+00
2.121936553648655632e+00 4.950000000000000178e+00
2.127294202795197986e+00 4.959999999999999964e+00
2.133250781403387197e+00 4.969999999999999751e+00
2.139211177965911759e+00 4.979999999999999538e+00
2.145772013471875628e+00 4.990000000000000213e+00
2.151740399256400593e+00 5.000000000000000000e+00
2.157115187899336650e+00 5.009999999999999787e+00
2.163090768889578186e+00 5.019999999999999574e+00
2.169668267041971355e+00 5.030000000000000249e+00
2.175651764234467489e+00 5.040000000000000036e+00
2.181040123566008848e+00 5.049999999999999822e+00
2.187030750354219233e+00 5.059999999999999609e+00
2.193624759226973975e+00 5.070000000000000284e+00
2.199623230258972661e+00 5.080000000000000071e+00
2.205025036924385340e+00 5.089999999999999858e+00
2.211030572963569085e+00 5.099999999999999645e+00
2.217640942986802255e+00 5.110000000000000320e+00
2.223654252466723769e+00 5.120000000000000107e+00
2.229069385091968059e+00 5.129999999999999893e+00
2.235089696059243902e+00 5.139999999999999680e+00
2.241113680040560219e+00 5.149999999999999467e+00
2.247744294949774790e+00 5.160000000000000142e+00
2.253172634229737348e+00 5.169999999999999929e+00
2.259207588124218180e+00 5.179999999999999716e+00
2.265246182406736253e+00 5.189999999999999503e+00
2.271892831146552272e+00 5.200000000000000178e+00
2.277334259932684457e+00 5.209999999999999964e+00
2.283383727172692002e+00 5.219999999999999751e+00
2.289436802794646120e+00 5.229999999999999538e+00
2.296099344230305483e+00 5.240000000000000213e+00
2.302159971782342218e+00 5.250000000000000000e+00
2.307617601137241792e+00 5.259999999999999787e+00
2.313685031676629311e+00 5.269999999999999574e+00
2.320363327494810779e+00 5.280000000000000249e+00
2.326438244641685582e+00 5.290000000000000036e+00
2.331908708253202178e+00 5.299999999999999822e+00
2.337990369923435452e+00 5.309999999999999609e+00
2.344684284737260871e+00 5.320000000000000284e+00
2.350773369114024458e+00 5.330000000000000071e+00
2.356256557440181698e+00 5.339999999999999858e+00
2.362352329185013033e+00 5.349999999999999645e+00
2.369061730638255980e+00 5.360000000000000320e+00
2.375164862659846055e+00 5.370000000000000107e+00
2.380660668680679493e+00 5.379999999999999893e+00
2.386770432268400466e+00 5.389999999999999680e+00
2.392883675683048939e+00 5.399999999999999467e+00
2.399612254093935970e+00 5.410000000000000142e+00
2.405120573395755912e+00 5.419999999999999929e+00
2.411244213512646617e+00 5.429999999999999716e+00
2.417371305094850431e+00 5.439999999999999503e+00
2.424115083958731542e+00 5.450000000000000178e+00
2.429635814817718842e+00 5.459999999999999964e+00
2.435773219160753733e+00 5.469999999999999751e+00
2.441914047374558194e+00 5.479999999999999538e+00
2.448672904894692692e+00 5.490000000000000213e+00
2.454205948359819089e+00 5.500000000000000000e+00
2.460357007727214107e+00 5.509999999999999787e+00
2.466511464138474441e+00 5.519999999999999574e+00
2.473285281857084072e+00 5.530000000000000249e+00
2.479446850472118768e+00 5.540000000000000036e+00
2.484995149324111807e+00 5.549999999999999822e+00
2.491163127645711572e+00 5.559999999999999609e+00
2.497951788917350591e+00 5.570000000000000284e+00
2.504126823941681845e+00 5.580000000000000071e+00
2.509687220015244247e+00 5.589999999999999858e+00
2.515868614678427484e+00 5.599999999999999645e+00
2.522672003558368736e+00 5.610000000000000320e+00
2.528860399755083588e+00 5.620000000000000107e+00
2.534432798475598325e+00 5.629999999999999893e+00
2.540627504553931715e+00 5.639999999999999680e+00
2.546825522170672151e+00 5.649999999999999467e+00
2.553647158613585599e+00 5.660000000000000142e+00
2.559231466014088685e+00 5.669999999999999929e+00
2.565439379266531095e+00 5.679999999999999716e+00
2.571650578109247132e+00 5.689999999999999503e+00
2.578486683985787842e+00 5.700000000000000178e+00
2.584082806745646721e+00 5.709999999999999964e+00
2.590303823659486859e+00 5.719999999999999751e+00
2.596528100404242867e+00 5.729999999999999538e+00
2.603378562279310859e+00 5.740000000000000213e+00
2.608986407762777571e+00 5.750000000000000000e+00
2.615220425596437970e+00 5.759999999999999787e+00
2.621457677701113376e+00 5.769999999999999574e+00
2.628322383011923336e+00 5.780000000000000249e+00
2.634566406407737649e+00 5.790000000000000036e+00
2.640188776132251558e+00 5.799999999999999822e+00
2.646438901879156536e+00 5.809999999999999609e+00
2.653317738982076346e+00 5.820000000000000284e+00
2.659574582962672906e+00 5.830000000000000071e+00
2.665208469683256975e+00 5.839999999999999858e+00
2.671471368221585596e+00 5.849999999999999645e+00
2.678364226438781692e+00 5.860000000000000320e+00
2.684633790625407190e+00 5.870000000000000107e+00
2.690279104196793725e+00 5.879999999999999893e+00
2.696554675584905247e+00 5.889999999999999680e+00
2.702833399680134363e+00 5.899999999999999467e+00
2.709743630195988739e+00 5.910000000000000142e+00
2.715400281320063058e+00 5.919999999999999929e+00
2.721688426567574925e+00 5.929999999999999716e+00
2.727979699928158475e+00 5.939999999999999503e+00
2.734903706304659288e+00 5.950000000000000178e+00
2.740571606568208196e+00 5.959999999999999964e+00
2.746872227677896294e+00 5.969999999999999751e+00
2.753175952561418782e+00 5.979999999999999538e+00
2.760113627579326323e+00 5.990000000000000213e+00
2.765792689491605838e+00 6.000000000000000000e+00
2.772105689500985903e+00 6.009999999999999787e+00
2.778421769208502923e+00 6.019999999999999574e+00
2.785373006800957896e+00 6.030000000000000249e+00
2.791695534425424619e+00 6.040000000000000036e+00
2.797388426787431825e+00 6.049999999999999822e+00
2.803716765626880658e+00 6.059999999999999609e+00
2.810681460803608367e+00 6.070000000000000284e+00
2.817016197694661717e+00 6.080000000000000071e+00
2.822720058170650415e+00 6.089999999999999858e+00
2.829060561384952877e+00 6.099999999999999645e+00
2.836038610187514575e+00 6.110000000000000320e+00
2.842385462089457970e+00 6.120000000000000107e+00
2.848100206056500383e+00 6.129999999999999893e+00
2.854452779852570732e+00 6.139999999999999680e+00
2.861444079393832940e+00 6.150000000000000355e+00
2.867802953034788160e+00 6.160000000000000142e+00
2.873528496763450235e+00 6.169999999999999929e+00
2.879893048349910778e+00 6.179999999999999716e+00
2.886260580006278165e+00 6.189999999999999503e+00
2.893268299984983916e+00 6.200000000000000178e+00
2.899004560673124065e+00 6.209999999999999964e+00
2.905380998297813377e+00 6.219999999999999751e+00
2.911760393221122900e+00 6.229999999999999538e+00
2.918781136573641355e+00 6.240000000000000213e+00
2.924528032380028009e+00 6.250000000000000000e+00
2.930916265367300877e+00 6.259999999999999787e+00
2.937307433156838066e+00 6.269999999999999574e+00
2.944341100762690289e+00 6.280000000000000249e+00
2.950738413495300527e+00 6.290000000000000036e+00
2.956498489628224036e+00 6.299999999999999822e+00
2.962901341006104250e+00 6.309999999999999609e+00
2.969947834990575242e+00 6.320000000000000284e+00
2.976356784902531416e+00 6.330000000000000071e+00
2.982127315697028713e+00 6.339999999999999858e+00
2.988541762544998370e+00 6.349999999999999645e+00
2.995600986319548742e+00 6.360000000000000320e+00
3.002021485916053223e+00 6.370000000000000107e+00
3.007802392883599740e+00 6.379999999999999893e+00
3.014228348279599956e+00 6.389999999999999680e+00
3.021300206582023584e+00 6.400000000000000355e+00
3.027732169583583488e+00 6.410000000000000142e+00
3.033523375337186412e+00 6.419999999999999929e+00
3.039960753591691933e+00 6.429999999999999716e+00
3.046400974319711796e+00 6.439999999999999503e+00
3.053488493904644052e+00 6.450000000000000178e+00
3.059289922191373634e+00 6.459999999999999964e+00
3.065738638883476863e+00 6.469999999999999751e+00
3.072190177146295831e+00 6.479999999999999538e+00
3.079290121974763927e+00 6.490000000000000213e+00
3.085101697708070745e+00 6.500000000000000000e+00
3.091561669721034633e+00 6.509999999999999787e+00
3.098024442728877226e+00 6.519999999999999574e+00
3.105136722096811130e+00 6.530000000000000249e+00
3.111605360599348113e+00 6.540000000000000036e+00
3.117429516756748065e+00 6.549999999999999822e+00
3.123903442842221878e+00 6.559999999999999609e+00
3.131027967168621640e+00 6.570000000000000284e+00
3.137507716209908093e+00 6.580000000000000071e+00
3.143341854599519092e+00 6.589999999999999858e+00
3.149826852932274601e+00 6.599999999999999645e+00
3.156963533543150291e+00 6.610000000000000320e+00
3.163454312729946594e+00 6.620000000000000107e+00
3.169298361178026546e+00 6.629999999999999893e+00
3.175794351766775048e+00 6.639999999999999680e+00
3.182943100918956603e+00 6.650000000000000355e+00
3.189444830711358758e+00 6.660000000000000142e+00
3.195298717817967482e+00 6.669999999999999929e+00
3.201805621537631819e+00 6.679999999999999716e+00
3.208315241280816466e+00 6.689999999999999503e+00
3.215478954187120042e+00 6.700000000000000178e+00
3.221342609350461128e+00 6.709999999999999964e+00
3.227860347969191857e+00 6.719999999999999751e+00
3.234380783196195708e+00 6.729999999999999538e+00
3.241556370779233198e+00 6.740000000000000213e+00
3.247429724219846658e+00 6.750000000000000000e+00
3.253958220425863690e+00 6.759999999999999787e+00
3.260489394059101542e+00 6.769999999999999574e+00
3.267676771806011793e+00 6.780000000000000249e+00
3.274213552567570407e+00 6.790000000000000036e+00
3.280098932019115399e+00 6.799999999999999822e+00
3.286640767934406071e+00 6.809999999999999609e+00
3.293839852388734890e+00 6.820000000000000284e+00
3.300387255857738733e+00 6.830000000000000071e+00
3.306282179713795344e+00 6.839999999999999858e+00
3.312834602766839609e+00 6.849999999999999645e+00
3.320045311557618284e+00 6.860000000000000320e+00
3.326603263114749076e+00 6.870000000000000107e+00
3.332507664433800532e+00 6.879999999999999893e+00
3.339070600486491180e+00 6.889999999999999680e+00
3.346292852357128034e+00 6.900000000000000355e+00
3.352861278403003631e+00 6.910000000000000142e+00
3.358775091167055749e+00 6.919999999999999929e+00
3.365348467113616238e+00 6.929999999999999716e+00
3.371924441734315714e+00 6.939999999999999503e+00
3.379161009931815673e+00 6.950000000000000178e+00
3.385084169069805249e+00 6.959999999999999964e+00
3.391667912862751155e+00 6.969999999999999751e+00
3.398254237486350693e+00 6.979999999999999538e+00
3.405502170159171893e+00 6.990000000000000213e+00
3.411434611570210773e+00 7.000000000000000000e+00
3.418028652245710397e+00 7.009999999999999787e+00
3.424625256176571320e+00 7.019999999999999574e+00
3.431884475848626437e+00 7.030000000000000249e+00
3.437826136341326944e+00 7.040000000000000036e+00
3.444430403855825773e+00 7.049999999999999822e+00
3.451037217187018058e+00 7.059999999999999609e+00
3.458307647081262370e+00 7.070000000000000284e+00
3.464919792483109440e+00 7.080000000000000071e+00
3.470872888633183884e+00 7.089999999999999858e+00
3.477489841809152438e+00 7.099999999999999645e+00
3.484771405508155340e+00 7.110000000000000320e+00
3.491393654369251642e+00 7.120000000000000107e+00
3.497355828845812642e+00 7.129999999999999893e+00
3.503982852640994405e+00 7.139999999999999680e+00
3.511275474094689653e+00 7.150000000000000355e+00
3.517907757368779809e+00 7.160000000000000142e+00
3.523878948104428144e+00 7.169999999999999929e+00
3.530515973638389315e+00 7.179999999999999716e+00
3.537155488886361443e+00 7.189999999999999503e+00
3.544461826174613694e+00 7.200000000000000178e+00
3.550441971422929388e+00 7.209999999999999964e+00
3.557088930175464014e+00 7.219999999999999751e+00
3.563738361570006674e+00 7.229999999999999538e+00
3.571055586929599901e+00 7.240000000000000213e+00
3.577044625278690937e+00 7.250000000000000000e+00
3.583701449104852443e+00 7.259999999999999787e+00
3.590360728597176365e+00 7.269999999999999574e+00
3.597688767286624234e+00 7.280000000000000249e+00
3.603686637672617543e+00 7.290000000000000036e+00
3.610353258817700084e+00 7.299999999999999822e+00
3.617022318752992405e+00 7.309999999999999609e+00
3.624361096468487808e+00 7.320000000000000284e+00
3.631035264190438649e+00 7.330000000000000071e+00
3.637044089303417493e+00 7.339999999999999858e+00
3.643722862435738730e+00 7.349999999999999645e+00
3.651072305327526912e+00 7.360000000000000320e+00
3.657756151111067222e+00 7.370000000000000107e+00
3.663773672209188259e+00 7.379999999999999893e+00
3.670462091716311548e+00 7.389999999999999680e+00
3.677822126404992620e+00 7.400000000000000355e+00
3.684515583656262194e+00 7.410000000000000142e+00
3.690541740899221157e+00 7.419999999999999929e+00
3.697239740397400443e+00 7.429999999999999716e+00
3.703940124573668058e+00 7.439999999999999503e+00
3.711313296561501662e+00 7.450000000000000178e+00
3.717348030513722978e+00 7.459999999999999964e+00
3.724055544072395474e+00 7.469999999999999751e+00
3.730765425899041698e+00 7.479999999999999538e+00
3.738149026383783990e+00 7.490000000000000213e+00
3.744192278027602683e+00 7.500000000000000000e+00
3.750909240184274740e+00 7.509999999999999787e+00
3.757628554322095304e+00 7.519999999999999574e+00
3.765022511587497789e+00 7.530000000000000249e+00
3.771074222386007424e+00 7.540000000000000036e+00
3.777800568273002924e+00 7.549999999999999822e+00
3.784529250063112027e+00 7.559999999999999609e+00
3.791933493249822984e+00 7.570000000000000284e+00
3.798667067497981886e+00 7.580000000000000071e+00
3.804729271123512113e+00 7.589999999999999858e+00
3.811467256876151399e+00 7.599999999999999645e+00
3.818881716215162037e+00 7.610000000000000320e+00
3.825624561392037659e+00 7.620000000000000107e+00
3.831695095486517211e+00 7.629999999999999893e+00
3.838442322522523931e+00 7.639999999999999680e+00
3.845866929362155684e+00 7.650000000000000355e+00
3.852618983326999036e+00 7.660000000000000142e+00
3.858697792184548891e+00 7.669999999999999929e+00
3.865454198854946011e+00 7.679999999999999716e+00
3.872212890923864226e+00 7.689999999999999503e+00
3.879650087334816977e+00 7.700000000000000178e+00
3.885737116190070672e+00 7.709999999999999964e+00
3.892502641895495774e+00 7.719999999999999751e+00
3.899270438015868034e+00 7.729999999999999538e+00
3.906717631657491197e+00 7.740000000000000213e+00
3.912812826702981805e+00 7.750000000000000000e+00
3.919587411912972996e+00 7.759999999999999787e+00
3.926364252824556367e+00 7.769999999999999574e+00
3.933821378824113868e+00 7.780000000000000249e+00
3.939924687227529088e+00 7.790000000000000036e+00
3.946708273499655473e+00 7.799999999999999822e+00
3.953494101034999098e+00 7.809999999999999609e+00
3.960961095727307146e+00 7.820000000000000284e+00
3.967751618328790641e+00 7.830000000000000071e+00
3.973864995647442111e+00 7.839999999999999858e+00
3.980659752750828950e+00 7.849999999999999645e+00
3.988136553699055842e+00 7.860000000000000320e+00
3.994935976365709518e+00 7.870000000000000107e+00
4.001057351823404495e+00 7.879999999999999893e+00
4.007860982569643404e+00 7.889999999999999680e+00
4.015347528585934356e+00 7.900000000000000355e+00
4.022155795993566763e+00 7.910000000000000142e+00
4.028285120044729162e+00 7.919999999999999929e+00
4.035097569657799532e+00 7.929999999999999716e+00
4.042593800823745198e+00 7.940000000000000391e+00
4.049410858807062752e+00 7.950000000000000178e+00
4.055548082953079003e+00 7.959999999999999964e+00
4.062369297824628411e+00 7.969999999999999751e+00
4.069192695773076629e+00 7.979999999999999538e+00
4.076700951082595559e+00 7.990000000000000213e+00
4.083528922910892867e+00 8.000000000000000000e+00
4.090359067777312063e+00 8.009999999999999787e+00
4.097191382472196608e+00 8.019999999999999574e+00
4.104025863787765793e+00 8.029999999999999361e+00
4.110862508517535652e+00 8.039999999999999147e+00
4.117701313456351819e+00 8.050000000000000711e+00
4.124542275400414404e+00 8.060000000000000497e+00
4.131385391147296637e+00 8.070000000000000284e+00
4.138230657495980402e+00 8.080000000000000071e+00
4.145078071246873108e+00 8.089999999999999858e+00
4.151927629201839665e+00 8.099999999999999645e+00
4.158779328164224687e+00 8.109999999999999432e+00
4.165633164938879140e+00 8.119999999999999218e+00
4.172489136332181658e+00 8.130000000000000782e+00
4.179347239152073179e+00 8.140000000000000568e+00
4.186207470208072934e+00 8.150000000000000355e+00
4.193069826311309534e+00 8.160000000000000142e+00
4.199934304274545838e+00 8.169999999999999929e+00
4.206800900912202934e+00 8.179999999999999716e+00
4.213669613040384121e+00 8.189999999999999503e+00
4.220540437476905105e+00 8.199999999999999289e+00
4.227413371041316204e+00 8.209999999999999076e+00
4.234288410554926330e+00 8.220000000000000639e+00
4.241165552840830522e+00 8.230000000000000426e+00
4.248044794723936590e+00 8.240000000000000213e+00
4.254926133030989099e+00 8.250000000000000000e+00
4.261809564590593347e+00 8.259999999999999787e+00
4.268695086233241121e+00 8.269999999999999574e+00
4.275582694791339122e+00 8.279999999999999361e+00
4.282472387099232058e+00 8.289999999999999147e+00
4.289364159993223069e+00 8.300000000000000711e+00
4.296258010311609254e+00 8.310000000000000497e+00
4.303153934894697663e+00 8.320000000000000284e+00
4.310051930584839042e+00 8.330000000000000071e+00
4.316951994226442046e+00 8.339999999999999858e+00
4.323854122666010547e+00 8.349999999999999645e+00
4.330758312752158723e+00 8.359999999999999432e+00
4.337664561335643043e+00 8.369999999999999218e+00
4.344572865269380912e+00 8.380000000000000782e+00
4.351483221408487090e+00 8.390000000000000568e+00
4.358395626610287010e+00 8.400000000000000355e+00
4.365310077734346095e+00 8.410000000000000142e+00
4.372226571642494619e+00 8.419999999999999929e+00
4.379145105198856136e+00 8.429999999999999716e+00
4.386065675269867015e+00 8.439999999999999503e+00
4.392988278724307527e+00 8.449999999999999289e+00
4.399912912433323164e+00 8.459999999999999076e+00
4.406839573270444177e+00 8.470000000000000639e+00
4.413768258111621101e+00 8.480000000000000426e+00
4.420698963835246964e+00 8.490000000000000213e+00
4.427631687322176823e+00 8.500000000000000000e+00
4.434566425456067940e+00 8.509999999999999787e+00
4.441503175126384484e+00 8.519999999999999574e+00
4.448441933231099377e+00 8.529999999999999361e+00
4.455382696676944754e+00 8.539999999999999147e+00
4.462325462379443941e+00 8.550000000000000711e+00
4.469270227262959416e+00 8.560000000000000497e+00
4.476216988260727447e+00 8.570000000000000284e+00
4.483165742314895397e+00 8.580000000000000071e+00
4.490116486376564353e+00 8.589999999999999858e+00
4.497069217405823771e+00 8.599999999999999645e+00
4.504023932371793215e+00 8.609999999999999432e+00
4.510980628252662328e+00 8.619999999999999218e+00
4.517939302035720139e+00 8.630000000000000782e+00
4.524899950717407471e+00 8.640000000000000568e+00
4.531862571303341802e+00 8.650000000000000355e+00
4.538827160808369676e+00 8.660000000000000142e+00
4.545793716256592454e+00 8.669999999999999929e+00
4.552762234681409836e+00 8.679999999999999716e+00
4.559732713125558057e+00 8.689999999999999503e+00
4.566705148641148071e+00 8.699999999999999289e+00
4.573679538289701085e+00 8.710000000000000853e+00
4.580655879142188525e+00 8.720000000000000639e+00
4.587634168279073776e+00 8.730000000000000426e+00
4.594614402790343277e+00 8.740000000000000213e+00
4.601596579775545592e+00 8.750000000000000000e+00
4.608580696343833161e+00 8.759999999999999787e+00
4.615566749613997821e+00 8.769999999999999574e+00
4.622554736714501900e+00 8.779999999999999361e+00
4.629544654783530611e+00 8.789999999999999147e+00
4.636536500969011598e+00 8.800000000000000711e+00
4.643530272428669115e+00 8.810000000000000497e+00
4.650525966330047112e+00 8.820000000000000284e+00
4.657523579850555429e+00 8.830000000000000071e+00
4.664523110177507981e+00 8.839999999999999858e+00
4.671524554508149407e+00 8.849999999999999645e+00
4.678527910049701255e+00 8.859999999999999432e+00
4.685533174019400171e+00 8.869999999999999218e+00
4.692540343644525436e+00 8.880000000000000782e+00
4.699549416162444260e+00 8.890000000000000568e+00
4.706560388820647312e+00 8.900000000000000355e+00
4.713573258876780692e+00 8.910000000000000142e+00
4.720588023598688565e+00 8.919999999999999929e+00
4.727604680264444248e+00 8.929999999999999716e+00
4.734623226162394616e+00 8.939999999999999503e+00
4.741643658591186750e+00 8.949999999999999289e+00
4.748665974859806127e+00 8.960000000000000853e+00
4.755690172287621031e+00 8.970000000000000639e+00
4.762716248204414526e+00 8.980000000000000426e+00
4.769744199950412877e+00 8.990000000000000213e+00
4.776774024876335289e+00 9.000000000000000000e+00
4.783805720343083934e+00 9.009999999999999787e+00
4.790839283718594466e+00 9.019999999999999574e+00
4.797874712374994743e+00 9.029999999999999361e+00
4.804912003688408539e+00 9.039999999999999147e+00
4.811951155038967087e+00 9.050000000000000711e+00
4.818992163810844609e+00 9.060000000000000497e+00
4.826035027392267196e+00 9.070000000000000284e+00
4.833079743175546561e+00 9.080000000000000071e+00
4.840126308557092472e+00 9.089999999999999858e+00
4.847174720937438508e+00 9.099999999999999645e+00
4.854224977721262491e+00 9.109999999999999432e+00
4.861277076317408685e+00 9.119999999999999218e+00
4.868331014138909119e+00 9.130000000000000782e+00
4.875386788603004895e+00 9.140000000000000568e+00
4.882444397131171954e+00 9.150000000000000355e+00
4.889503837149134391e+00 9.160000000000000142e+00
4.896565106086894659e+00 9.169999999999999929e+00
4.903628201378747775e+00 9.179999999999999716e+00
4.910693120463304417e+00 9.189999999999999503e+00
4.917759860783519343e+00 9.199999999999999289e+00
4.924828419786702938e+00 9.210000000000000853e+00
4.931898794924545193e+00 9.220000000000000639e+00
4.938970983653144131e+00 9.230000000000000426e+00
4.946044983433020015e+00 9.240000000000000213e+00
4.953120791729136663e+00 9.250000000000000000e+00
4.960198406010927208e+00 9.259999999999999787e+00
4.967277823752310084e+00 9.269999999999999574e+00
4.974359042431713007e+00 9.279999999999999361e+00
4.981442059532097844e+00 9.289999999999999147e+00
4.988526872540970380e+00 9.300000000000000711e+00
4.995613478950416741e+00 9.310000000000000497e+00
5.002701876257111380e+00 9.320000000000000284e+00
5.009792061962345500e+00 9.330000000000000071e+00
5.016884033572047485e+00 9.339999999999999858e+00
5.023977788596799776e+00 9.349999999999999645e+00
5.031073324551864623e+00 9.359999999999999432e+00
5.038170638957204517e+00 9.369999999999999218e+00
5.045269729337494624e+00 9.380000000000000782e+00
5.052370593222157424e+00 9.390000000000000568e+00
5.059473228145376922e+00 9.400000000000000355e+00
5.066577631646118185e+00 9.410000000000000142e+00
5.073683801268147775e+00 9.419999999999999929e+00
5.080791734560056838e+00 9.429999999999999716e+00
5.087901429075284199e+00 9.439999999999999503e+00
5.095012882372130569e+00 9.449999999999999289e+00
5.102126092013782532e+00 9.460000000000000853e+00
5.109241055568337408e+00 9.470000000000000639e+00
5.116357770608817468e+00 9.480000000000000426e+00
5.123476234713194799e+00 9.490000000000000213e+00
5.130596445464409072e+00 9.500000000000000000e+00
5.137718400450388856e+00 9.509999999999999787e+00
5.144842097264074710e+00 9.519999999999999574e+00
5.151967533503434282e+00 9.529999999999999361e+00
5.159094706771491623e+00 9.539999999999999147e+00
5.166223614676335174e+00 9.550000000000000711e+00
5.173354254831150634e+00 9.560000000000000497e+00
5.180486624854233391e+00 9.570000000000000284e+00
5.187620722369013393e+00 9.580000000000000071e+00
5.194756545004069359e+00 9.589999999999999858e+00
5.201894090393158976e+00 9.599999999999999645e+00
5.209033356175229557e+00 9.609999999999999432e+00
5.216174339994442910e+00 9.619999999999999218e+00
5.223317039500193992e+00 9.630000000000000782e+00
5.230461452347133999e+00 9.640000000000000568e+00
5.237607576195189019e+00 9.650000000000000355e+00
5.244755408709575129e+00 9.660000000000000142e+00
5.251904947560827708e+00 9.669999999999999929e+00
5.259056190424814758e+00 9.679999999999999716e+00
5.266209134982758222e+00 9.689999999999999503e+00
5.273363778921257961e+00 9.699999999999999289e+00
5.280520119932305079e+00 9.710000000000000853e+00
5.287678155713305017e+00 9.720000000000000639e+00
5.294837883967101533e+00 9.730000000000000426e+00
5.301999302401988245e+00 9.740000000000000213e+00
5.309162408731737059e+00 9.750000000000000000e+00
5.316327200675614151e+00 9.759999999999999787e+00
5.323493675958395954e+00 9.769999999999999574e+00
5.330661832310395809e+00 9.779999999999999361e+00
5.337831667467479946e+00 9.789999999999999147e+00
5.345003179171086138e+00 9.800000000000000711e+00
5.352176365168246797e+00 9.810000000000000497e+00
5.359351223211605841e+00 9.820000000000000284e+00
5.366527751059441798e+00 9.830000000000000071e+00
5.373705946475682893e+00 9.839999999999999858e+00
5.380885807229928375e+00 9.849999999999999645e+00
5.388067331097468049e+00 9.859999999999999432e+00
5.395250515859308038e+00 9.869999999999999218e+00
5.402435359302173445e+00 9.880000000000000782e+00
5.409621859218549211e+00 9.890000000000000568e+00
5.416810013406682778e+00 9.900000000000000355e+00
5.423999819670609845e+00 9.910000000000000142e+00
5.431191275820178355e+00 9.919999999999999929e+00
5.438384379671057367e+00 9.929999999999999716e+00
5.445579129044767264e+00 9.939999999999999503e+00
5.452775521768691291e+00 9.949999999999999289e+00
5.459973555676094215e+00 9.960000000000000853e+00
5.467173228606149848e+00 9.970000000000000639e+00
5.474374538403953494e+00 9.980000000000000426e+00
5.481577482920542366e+00 9.990000000000000213e+00